0	-6	6	6.16	0
6.32911	-6	6	6.16	4.50E-06
12.6582	-6	6	6.16001	9.00E-06
18.9873	-6	6	6.16003	1.35E-05
25.3165	-6	6	6.16005	1.80E-05
31.6456	-6	6	6.16007	2.25E-05
37.9747	-6	6	6.1601	2.70E-05
44.3038	-6	6	6.16014	3.16E-05
50.6329	-6	6	6.16018	3.61E-05
56.962	-6	6	6.16023	4.06E-05
63.2911	-6	6	6.16029	4.52E-05
69.6203	-6	6	6.16035	4.97E-05
75.9494	-6	6	6.16041	5.43E-05
82.2785	-6	6	6.16048	5.89E-05
88.6076	-6	6	6.16056	6.35E-05
94.9367	-6	6	6.16064	6.81E-05
101.266	-6	6	6.16073	7.27E-05
107.595	-6	6	6.16083	7.73E-05
113.924	-6	6	6.16093	8.20E-05
120.253	-6	6	6.16103	8.66E-05
126.582	-6	6	6.16115	9.13E-05
132.911	-6	6	6.16127	9.60E-05
139.241	-6	6	6.16139	0.000100744
145.57	-6	6	6.16152	0.000105494
151.899	-6	6	6.16166	0.000110267
158.228	-6	6	6.1618	0.000115064
164.557	-6	6	6.16195	0.000119887
170.886	-6	6	6.1621	0.000124736
177.215	-6	6	6.16226	0.000129613
183.544	-6	6	6.16243	0.000134518
189.873	-6	6	6.16261	0.000139454
196.203	-6	6	6.16278	0.000144421
202.532	-6	6	6.16297	0.000149421
208.861	-6	6	6.16316	0.000154454
215.19	-6	6	6.16336	0.000159522
221.519	-6	6	6.16357	0.000164627
227.848	-6	6	6.16378	0.000169769
234.177	-6	6	6.164	0.00017495
240.506	-6	6	6.16422	0.000180171
246.835	-6	6	6.16445	0.000185434
253.165	-6	6	6.16469	0.00019074
259.494	-6	6	6.16494	0.00019609
265.823	-6	6	6.16519	0.000201486
272.152	-6	6	6.16545	0.000206929
278.481	-6	6	6.16571	0.000212421
284.81	-6	6	6.16598	0.000217964
291.139	-6	6	6.16626	0.000223559
297.468	-6	6	6.16655	0.000229206
303.797	-6	6	6.16684	0.00023491
310.127	-6	6	6.16714	0.00024067
316.456	-6	6	6.16745	0.000246488
322.785	-6	6	6.16777	0.000252367
329.114	-6	6	6.16809	0.000258307
335.443	-6	6	6.16842	0.000264312
341.772	-6	6	6.16876	0.000270382
348.101	-6	6	6.16911	0.00027652
354.43	-6	6	6.16946	0.000282728
360.759	-6	6	6.16982	0.000289007
367.089	-6	6	6.17019	0.000295359
373.418	-6	6	6.17057	0.000301787
379.747	-6	6	6.17096	0.000308293
386.076	-6	6	6.17135	0.000314879
392.405	-6	6	6.17175	0.000321548
398.734	-6	6	6.17216	0.000328301
405.063	-6	6	6.17258	0.00033514
411.392	-6	6	6.17301	0.00034207
417.722	-6	6	6.17345	0.000349091
424.051	-6	6	6.1739	0.000356206
430.38	-6	6	6.17435	0.000363419
436.709	-6	6	6.17482	0.000370731
443.038	-6	6	6.17529	0.000378147
449.367	-6	6	6.17577	0.000385667
455.696	-6	6	6.17627	0.000393296
462.025	-6	6	6.17677	0.000401036
468.354	-6	6	6.17728	0.000408891
474.684	-6	6	6.17781	0.000416863
481.013	-6	6	6.17834	0.000424956
487.342	-6	6	6.17888	0.000433174
493.671	-6	6	6.17943	0.00044152
500	-6	6	6.18	0.000449997
506.329	-6	6	6.18057	0.00045861
512.658	-6	6	6.18116	0.000467361
518.987	-6	6	6.18176	0.000476255
525.316	-6	6	6.18237	0.000485297
531.646	-6	6	6.18299	0.000494489
537.975	-6	6	6.18362	0.000503838
544.304	-6	6	6.18426	0.000513346
550.633	-6	6	6.18492	0.000523018
556.962	-6	6	6.18559	0.000532861
563.291	-6	6	6.18627	0.000542877
569.62	-6	6	6.18696	0.000553073
575.949	-6	6	6.18767	0.000563453
582.278	-6	6	6.18839	0.000574024
588.608	-6	6	6.18912	0.00058479
594.937	-6	6	6.18987	0.000595757
601.266	-6	6	6.19063	0.000606932
607.595	-6	6	6.1914	0.000618321
613.924	-6	6	6.19219	0.000629929
620.253	-6	6	6.193	0.000641765
626.582	-6	6	6.19382	0.000653834
632.911	-6	6	6.19465	0.000666143
639.241	-6	6	6.1955	0.000678701
645.57	-6	6	6.19637	0.000691515
651.899	-6	6	6.19725	0.000704592
658.228	-6	6	6.19815	0.000717942
664.557	-6	6	6.19907	0.000731572
670.886	-6	6	6.20001	0.000745492
677.215	-6	6	6.20096	0.00075971
683.544	-6	6	6.20193	0.000774236
689.873	-6	6	6.20292	0.000789081
696.203	-6	6	6.20393	0.000804254
702.532	-6	6	6.20496	0.000819767
708.861	-6	6	6.206	0.000835629
715.19	-6	6	6.20707	0.000851854
721.519	-6	6	6.20816	0.000868454
727.848	-6	6	6.20927	0.000885439
734.177	-6	6	6.2104	0.000902825
740.506	-6	6	6.21156	0.000920624
746.835	-6	6	6.21273	0.000938851
753.165	-6	6	6.21393	0.00095752
759.494	-6	6	6.21516	0.000976648
765.823	-6	6	6.2164	0.000996249
772.152	-6	6	6.21768	0.00101634
778.481	-6	6	6.21898	0.00103694
784.81	-6	6	6.2203	0.00105807
791.139	-6	6	6.22166	0.00107974
797.468	-6	6	6.22304	0.00110198
803.797	-6	6	6.22445	0.00112481
810.127	-6	6	6.22588	0.00114824
816.456	-6	6	6.22735	0.00117231
822.785	-6	6	6.22885	0.00119703
829.114	-6	6	6.23038	0.00122243
835.443	-6	6	6.23195	0.00124854
841.772	-6	6	6.23354	0.00127539
848.101	-6	6	6.23518	0.001303
854.43	-6	6	6.23684	0.0013314
860.759	-6	6	6.23855	0.00136062
867.089	-6	6	6.24029	0.00139071
873.418	-6	6	6.24207	0.00142169
879.747	-6	6	6.24389	0.0014536
886.076	-6	6	6.24575	0.00148648
892.405	-6	6	6.24765	0.00152037
898.734	-6	6	6.2496	0.00155532
905.063	-6	6	6.25159	0.00159136
911.392	-6	6	6.25362	0.00162856
917.722	-6	6	6.25571	0.00166694
924.051	-6	6	6.25784	0.00170658
930.38	-6	6	6.26003	0.00174753
936.709	-6	6	6.26227	0.00178984
943.038	-6	6	6.26456	0.00183358
949.367	-6	6	6.26691	0.00187881
955.696	-6	6	6.26932	0.00192561
962.025	-6	6	6.27178	0.00197405
968.354	-6	6	6.27431	0.0020242
974.684	-6	6	6.27691	0.00207616
981.013	-6	6	6.27957	0.00213
987.342	-6	6	6.2823	0.00218583
993.671	-6	6	6.2851	0.00224375
1000	-6	6	6.28798	0.00230385
1006.33	-6	6	6.29094	0.00236626
1012.66	-6	6	6.29397	0.00243109
1018.99	-6	6	6.29709	0.00249848
1025.32	-6	6	6.3003	0.00256855
1031.65	-6	6	6.30359	0.00264147
1037.97	-6	6	6.30698	0.00271737
1044.3	-6	6	6.31047	0.00279644
1050.63	-6	6	6.31406	0.00287885
1056.96	-6	6	6.31776	0.00296479
1063.29	-6	6	6.32157	0.00305447
1069.62	-6	6	6.32549	0.00314811
1075.95	-6	6	6.32954	0.00324595
1082.28	-6	6	6.33371	0.00334825
1088.61	-6	6	6.33801	0.00345528
1094.94	-6	6	6.34246	0.00356734
1101.27	-6	6	6.34704	0.00368476
1107.59	-6	6	6.35178	0.00380788
1113.92	-6	6	6.35668	0.00393708
1120.25	-6	6	6.36175	0.00407276
1126.58	-6	6	6.36699	0.00421538
1132.91	-6	6	6.37242	0.0043654
1139.24	-6	6	6.37805	0.00452337
1145.57	-6	6	6.38387	0.00468985
1151.9	-6	6	6.38992	0.00486546
1158.23	-6	6	6.39619	0.00505089
1164.56	-6	6	6.4027	0.00524689
1170.89	-6	6	6.40947	0.00545427
1177.22	-6	6	6.41651	0.00567394
1183.54	-6	6	6.42383	0.0059069
1189.87	-6	6	6.43146	0.00615422
1196.2	-6	6	6.43941	0.00641714
1202.53	-6	6	6.44771	0.00669698
1208.86	-6	6	6.45637	0.00699523
1215.19	-6	6	6.46541	0.00731355
1221.52	-6	6	6.47488	0.00765378
1227.85	-6	6	6.48479	0.00801799
1234.18	-6	6	6.49517	0.00840847
1240.51	-6	6	6.50607	0.00882783
1246.84	-6	6	6.51752	0.009279
1253.16	-6	6	6.52956	0.00976525
1259.49	-6	6	6.54224	0.0102904
1265.82	-6	6	6.55561	0.0108585
1272.15	-6	6	6.56972	0.0114747
1278.48	-6	6	6.58465	0.0121443
1284.81	-6	6	6.60046	0.0128738
1291.14	-6	6	6.61724	0.0136705
1297.47	-6	6	6.63506	0.014543
1303.8	-6	6	6.65404	0.0155012
1310.13	-6	6	6.6743	0.0165567
1316.46	-6	6	6.69595	0.0177231
1322.78	-6	6	6.71915	0.0190165
1329.11	-6	6	6.74408	0.0204561
1335.44	-6	6	6.77092	0.0220647
1341.77	-6	6	6.79991	0.0238699
1348.1	-6	6	6.83133	0.025905
1354.43	-6	6	6.86547	0.0282109
1360.76	-6	6	6.90271	0.0308378
1367.09	-6	6	6.9435	0.0338481
1373.42	-6	6	6.98835	0.0373201
1379.75	-6	6	7.03792	0.0413534
1386.08	-6	6	7.09297	0.0460757
1392.41	-6	6	7.15447	0.0516533
1398.73	-6	6	7.22362	0.0583056
1405.06	-6	6	7.30193	0.0663274
1411.39	-6	6	7.39134	0.0761218
1417.72	-6	6	7.49438	0.0882513
1424.05	-6	6	7.6144	0.103521
1430.38	-6	6	7.75595	0.123113
1436.71	-6	6	7.92536	0.148825
1443.04	-6	6	8.13165	0.18349
1449.37	-6	6	8.38819	0.231785
1455.7	-6	6	8.71561	0.301882
1462.03	-6	6	9.14734	0.409087
1468.35	-6	6	9.74102	0.584779
1474.68	-6	6	10.6038	0.901514
1481.01	-6	6	11.9527	1.55756
1487.34	-6	6	14.2447	3.24285
1493.67	-6	6	17.7179	9.23754
1500	-6	6	6	24
1506.33	-6	6	-5.63074	9.20763
1512.66	-6	6	-2.15679	3.23547
1518.99	-6	6	0.13181	1.55501
1525.32	-6	6	1.47898	0.900374
1531.65	-6	6	2.34085	0.584181
1537.97	-6	6	2.93399	0.408737
1544.3	-6	6	3.36539	0.301662
1550.63	-6	6	3.69259	0.231639
1556.96	-6	6	3.94899	0.183388
1563.29	-6	6	4.15517	0.148753
1569.62	-6	6	4.32449	0.123061
1575.95	-6	6	4.46599	0.103482
1582.28	-6	6	4.58598	0.088223
1588.61	-6	6	4.68898	0.0761011
1594.94	-6	6	4.77837	0.0663126
1601.27	-6	6	4.85667	0.0582954
1607.59	-6	6	4.9258	0.0516469
1613.92	-6	6	4.9873	0.0460724
1620.25	-6	6	5.04235	0.0413527
1626.58	-6	6	5.09191	0.0373216
1632.91	-6	6	5.13677	0.0338514
1639.24	-6	6	5.17756	0.0308428
1645.57	-6	6	5.21482	0.0282175
1651.9	-6	6	5.24897	0.0259129
1658.23	-6	6	5.28039	0.023879
1664.56	-6	6	5.30939	0.0220749
1670.89	-6	6	5.33625	0.0204674
1677.22	-6	6	5.36119	0.0190288
1683.54	-6	6	5.38441	0.0177363
1689.87	-6	6	5.40608	0.0165708
1696.2	-6	6	5.42635	0.0155162
1702.53	-6	6	5.44535	0.0145588
1708.86	-6	6	5.4632	0.0136871
1715.19	-6	6	5.48	0.0128911
1721.52	-6	6	5.49583	0.0121624
1727.85	-6	6	5.51078	0.0114935
1734.18	-6	6	5.52492	0.0108781
1740.51	-6	6	5.53831	0.0103106
1746.84	-6	6	5.55102	0.00978617
1753.16	-6	6	5.56309	0.00930059
1759.49	-6	6	5.57456	0.00885011
1765.82	-6	6	5.58549	0.00843141
1772.15	-6	6	5.5959	0.00804159
1778.48	-6	6	5.60584	0.00767804
1784.81	-6	6	5.61534	0.00733846
1791.14	-6	6	5.62442	0.00702079
1797.47	-6	6	5.63311	0.00672319
1803.8	-6	6	5.64144	0.00644399
1810.13	-6	6	5.64942	0.00618172
1816.46	-6	6	5.65709	0.00593503
1822.78	-6	6	5.66445	0.00570272
1829.11	-6	6	5.67152	0.00548368
1835.44	-6	6	5.67833	0.00527694
1841.77	-6	6	5.68488	0.00508158
1848.1	-6	6	5.69119	0.00489678
1854.43	-6	6	5.69728	0.0047218
1860.76	-6	6	5.70314	0.00455596
1867.09	-6	6	5.70881	0.00439863
1873.42	-6	6	5.71428	0.00424924
1879.75	-6	6	5.71957	0.00410726
1886.08	-6	6	5.72468	0.00397221
1892.41	-6	6	5.72962	0.00384365
1898.73	-6	6	5.73441	0.00372118
1905.06	-6	6	5.73904	0.0036044
1911.39	-6	6	5.74353	0.00349298
1917.72	-6	6	5.74788	0.00338659
1924.05	-6	6	5.7521	0.00328494
1930.38	-6	6	5.7562	0.00318774
1936.71	-6	6	5.76017	0.00309475
1943.04	-6	6	5.76403	0.00300571
1949.37	-6	6	5.76778	0.00292043
1955.7	-6	6	5.77143	0.00283867
1962.03	-6	6	5.77497	0.00276026
1968.35	-6	6	5.77841	0.00268501
1974.68	-6	6	5.78177	0.00261276
1981.01	-6	6	5.78503	0.00254334
1987.34	-6	6	5.78821	0.00247662
1993.67	-6	6	5.7913	0.00241245
2000	-6	6	5.79431	0.00235071
